1,4,6,9,10,11,12,13,14,15,16,17,18,20,21,22,23,27,28

3,13,



44 = 1day * 6 + 7 day * 2

 0  1        4     6          9  10  11  12  13  14  15  16  17  18      20  21  22  23             27  28
[0, 3, 0, 0, 6, 0, 9, 13, 0, 12, 15, 18, 21, 24, 27, 30, 33, 36, 39, 42, 37, 40, 43, 46, 49, 0, 52, 49, 52, 55, 45, 0, 0, 62, 62, 51, 0, 0, 54, 57, 60, 63, 66, 69, 72, 75, 78, 81, 0, 84, 82, 85, 88, 0, 0, 0, 91, 94, 0, 0, 0, 0, 0, 0, 0, 0, 0, 0, 0, 0, 0, 0, 0, 0, 0, 0, 0, 0, 0, 0, 0, 0, 0, 0, 0, 0, 0, 0, 0, 0, 0, 0, 0, 0, 0, 0, 0, 0, 0, 0, 0, 0, 0, 0, 0, 0, 0, 0, 0, 0, 0, 0, 0, 0, 0, 0, 0, 0, 0, 0, 0, 0, 0, 0, 0, 0, 0, 0, 0, 0, 0, 0, 0, 0, 0, 0, 0, 0, 0, 0, 0, 0, 0, 0, 0, 0, 0, 0, 0, 0, 0, 0, 0, 0, 0, 0, 0, 0, 0, 0, 0, 0, 0, 0, 0, 0, 0, 0, 0, 0, 0, 0, 0, 0, 0, 0, 0, 0, 0, 0, 0, 0, 0, 0, 0, 0, 0, 0, 0, 0, 0, 0, 0, 0, 0, 0, 0, 0, 0, 0, 0, 0, 0, 0, 0, 0, 0, 0, 0, 0, 0, 0, 0, 0, 0, 0, 0, 0, 0, 0, 0, 0, 0, 0, 0, 0, 0, 0, 0, 0, 0, 0, 0, 0, 0, 0, 0, 0, 0, 0, 0, 0, 0, 0, 0, 0, 0, 0, 0, 0, 0, 0, 0, 0, 0, 0, 0, 0, 0, 0, 0, 0, 0, 0, 0, 0, 0, 0, 0, 0, 0, 0, 0, 0, 0, 0, 0, 0, 0, 0, 0, 0, 0, 0, 0, 0, 0, 0, 0, 0, 0, 0, 0, 0, 0, 0, 0, 0, 0, 0, 0, 0, 0, 0, 0, 0, 0, 0, 0, 0, 0, 0, 0, 0, 0, 0, 0, 0, 0, 0, 0, 0, 0, 0, 0, 0, 0, 0, 0, 0, 0, 0, 0, 0, 0, 0, 0, 0, 0, 0, 0, 0, 0, 0, 0, 0, 0, 0, 0, 0, 0, 0, 0, 0, 0, 0, 0, 0, 0, 0, 0, 0, 0, 0, 0, 0]



2554


[0, 18, 36, 54, 72, 90, 90, 86, 104, 104, 104, 122, 122, 122, 140, 158, 172, 176, 176, 176, 194, 212, 212, 212, 212, 212, 212, 212, 212, 212, 212, 230, 248, 248, 248, 266, 266, 266, 284, 284, 284, 302, 302, 302, 302, 302, 302, 302, 302, 320, 320, 338, 356, 356, 370, 388, 388, 406, 406, 406, 424, 424, 424, 424, 442, 460, 478, 492, 492, 492, 496, 496, 496, 514, 514, 514, 514, 532, 532, 532, 532, 532, 532, 550, 550, 550, 550, 550, 550, 568, 568, 568, 586, 586, 604, 622, 622, 622, 622, 640, 640, 658, 676, 690, 690, 694, 694, 694, 712, 730, 730, 748, 748, 748, 766, 766, 766, 784, 802, 802, 802, 802, 802, 802, 802, 802, 802, 802, 820, 838, 856, 870, 870, 870, 888, 906, 906, 906, 924, 942, 942, 960, 960, 960, 960, 978, 996, 996, 996, 1014, 1028, 1032, 1032, 1050, 1050, 1068, 1068, 1086, 1100, 1104, 1104, 1104, 1104, 1122, 1140, 1158, 1172, 1172, 1172, 1176, 1176, 1176, 1176, 1194, 1212, 1212, 1212, 1230, 1230, 1248, 1248, 1266, 1266, 1266, 1266, 1284, 1302, 1320, 1320, 1320, 1334, 1352, 1370, 1388, 1388, 1388, 1406, 1420, 1424, 1442, 1442, 1442, 1460, 1460, 1478, 1478, 1496, 1496, 1496, 1496, 1514, 1514, 1514, 1532, 1532, 1532, 1550, 1568, 1568, 1568, 1586, 1600, 1604, 1622, 1636, 1636, 1640, 1658, 1672, 1676, 1676, 1676, 1694, 1712, 1712, 1712, 1730, 1730, 1730, 1748, 1748, 1748, 1766, 1766, 1766, 1766, 1784, 1784, 1802, 1820, 1834, 1834, 1838, 1852, 1856, 1856, 1874, 1874, 1892, 1892, 1910, 1910, 1910, 1928, 1928, 1928, 1928, 1946, 1964, 1982, 1982, 1982, 1982, 1982, 1982, 2000, 2018, 2018, 2018, 2018, 2018, 2018, 2036, 2054, 2054, 2054, 2054, 2054, 2072, 2072, 2090, 2108, 2108, 2108, 2108, 2108, 2126, 2126, 2144, 2144, 2144, 2144, 2162, 2162, 2162, 2180, 2198, 2198, 2198, 2216, 2230, 2248, 2266, 2266, 2266, 2284, 2284, 2302, 2302, 2302, 2320, 2320, 2320, 2320, 2320, 2338, 2338, 2356, 2356, 2356, 2356, 2374, 2374, 2374, 2374, 2392, 2392, 2392, 2392, 2392, 2392, 2392, 2392, 2392, 2392, 2392, 2392, 2410, 2410, 2410, 2428, 2446, 2446, 2464, 2478, 2478, 2496, 2514, 2514, 2514, 2514, 2514, 2532, 2550, 2568, 2582, 2582, 2582, 2600, 2618, 2636, 2733, 2733, 2733, 2733, 2733, 2751, 2751, 2751, 2769, 2787, 2787, 2805, 2823, 2823, 2837, 2855, 2855, 2855, 2855, 2855, 2873, 2891, 2909, 0, 0, 0, 0, 0, 0, 0, 0, 0, 0, 0, 0, 0, 0, 0, 0, 0, 0, 0, 0, 0, 0, 0, 0, 0, 0, 0, 0, 0, 0, 0, 0, 0, 0, 0, 0, 0, 0, 0, 0, 0, 0, 0, 0, 0, 0, 0, 0, 0, 0, 0, 0, 0, 0, 0, 0, 0, 0, 0, 0, 0, 0, 0, 0, 0, 0, 0, 0, 0, 0, 0, 0]
